1274076899761889280
1274021594759860224
1267849062713372676
1268984687927705600
1285937290762747905
1273710535977172992
1271128790140424199
1271585740980285442
1266502116463370241
1280876689753432065
1271467972360572928
1267507514247168000
1286735839624560651
1282745663076339713
1281658619117867008
1273983667279466502
1268270659131641856
1267931637297434625
1281336827207716864
1280126350700040192
1273997067061538819
1273271184088588295
1270749351975940096
1270447574655401988
1267639652686708737
1267547077892026375
1286300041125273600
1268216236644749317
1268598615691481089
1272890500325027842
1269085291584905216
1268927452354678789
1266718238127374337
1273669345701486595
1270800824277622785
1283389035407462400
1278025262202929152
1273994345889198080
1273647238363836417
1267888929077936128
1266541087318925312
1278797388325535744
1273965419586609154
1267866350271246338
1273786528183906304
1268240752309669888
1267140211861073927
1281360492263546881
1274060370429251584
1268267477429075971
1268203299569831939
1267829018398568451
1268248302832816128
1286673491413143557
1285979166651949056
1277639212603445249
1276223315187830786
1272639704039591936
1271456452914352128
1286722226746806273
1286330244463505409
1286309092953186305
1285937864413413377
1285912188532797440
1285605479817908225
1285316176151818243
1283476676345765889
1283438680317861898
1283403955272376328
1283117666014830598
1283068368740810753
1282695670772707331
1280894447946010625
1280571410323292160
1280542593512886272
1280192977013440513
1279112961718734850
1278399440563376128
1277662894163988480
1276599641543491584
1274009521061584901
1273996553536131072
1273988188370059264
1273987641084706816
1273987489896726528
1273026790408237056
1272920566496985088
1272570458056077313
1272557873038589953
1271913516765777920
1271108149894930432
1270797873379246080
1270366874082172928
1268934931767533568
1268185612391194624
1268177303013675014
1267861533926850563
1267847700394934274
1267805222258294785
1267570967305478150
1267562187238903811
1267552790366347269
1267534807770300420
1267529767236108291
1267522195473010688
1267521572803313664
1267518238977593345
1267515165647519751
1267496167803367425
1286330323568033792
1284104354052571136
1278084564305481729
1276221142555115521
1276190948993761282
1275917887866318848
1275809930445041665
1274366922633752577
1274028192823721989
1268646319029137415
1276626954851155969
1276187853983305730
1275809975688929281
1275441579965075462
1275089236132270081
1273980028771078144
1273634602431766528
1273274571635003394
1272550207100784641
1271563948807110657
1271522661441495040
1267505133216321542
1271516803756425218
1269043196753063937
1268916041935192065
1273347449281826817
1274075183545024514
1271181969670443008
1270069504119320577
1267598182504161285
1275536968370225157
1272582210823098372
1274029088081162240
1266512772000559105
1283842588504543232
1277962730700369930
1268917994761195522
1268156916674564096
1268238287405080577
1267224613152571393
1283769266672750601
1275461066718433282
1274015588935962626
1269012310976352256
1268283423220588544
1272869032505544704
1281008654632849410
1267686382849441792
1267344628426178567
1267175738165194752
1278134016093368323
1271100791378653185
1266899923259265025
1277240376554913792
1276877993651077122
1276591087738654720
1276581071782543360
1276579678883647489
1276577259109986304
1276515598302883840
1276275795997138944
1276236956683456513
1273985706097074176
1268176865967169537
1285620573847134209
1280595406905176064
1280593206069964801
1280516978092969984
1279120224961339394
1278704993755975681
1278448841235353601
1278346215889960960
1277980219756826624
1277693764232855552
1277027325742202881
1276598661879906304
1276591069598232578
1276274081843818498
1276261015487868928
1275551475381334016
1275517933918187520
1275134008201031680
1275118860371480576
1274823569675976705
1274779121776766977
1274416764886175745
1274401634081296384
1274190328048701440
1274122143853248512
1274114583095988224
1274092214952398849
1274083798594973696
1274054191422377984
1274046474184093696
1274026385359515648
1273806984278495232
1273764187227840514
1273680452679634945
1273375844241555456
1273360032411709441
1273027691717914625
1273011824200302592
1272945307106463746
1272657553457942532
1272645984430874625
1272227307781009408
1271560467874328576
1271525743193817088
1271517183277817856
1271516409370009600
1271223668366925824
1271216067960954880
1270890845537832960
1270883938496471042
1270795511646138368
1270785922129264640
1270482803134611458
1270469205838622720
1270168677120278528
1270161433028788225
1269706252730302464
1269691113725497345
1269389639032270849
1269374019716800512
1269014968764002305
1269009802522288134
1268654427105189892
1268653794297909248
1268368808336449536
1268368361781485568
1267842530994843648
1267195460143513606
1273982657077141509
1269053513323216897
1267210091369037824
1269996893544894465
1283491529919791104
1274055592227885057
1274031726696816641
1273689050688425984
1268926513593888768
1267925408877629444
1267627739537911810
1277992071337566208
1274049300981592065
1274048736658939904
1266894926358417408
1283420099722964992
1278013664381906944
1277664294910353408
1277255856631844867
1273998130921390081
1273720800659468288
1267528160784023553
1267562351773003780
1282635965660573697
1272991496392847361
1267525681015070722
1273993449759322112
1271600434986102784
1269041561045630976
1271449717923340288
1276281517510217728
1275559253273608194
1274009901316976642
1273288014320603136
1272971292103213056
1272922633781329922
1272569132194693121
1271473082759348230
1271125040348700672
1270770201043382273
1269033729101631489
1268960228529373196
1268709123148955650
1268671373930647552
1268574990196228097
1268308985624457216
1268256893300027393
1268222164139941893
1268195739995451400
1267965473263673346
1267916418667945989
1267837126881808388
1267833466688659456
1267580435313446918
1267538911888367618
1267491927110438912
1266801914823360512
1266150746166366209
1273989195426680832
1269999283874512898
1267471873799045121
1275565401464803329
1267555033299791879
1284110613850054656
1275121814361059328
1274002176856281090
1267545112663461894
1283451050133991425
1278083611258953729
1274035065291407363
1272550798543781891
1271592388960702468
1268862613783490562
1267797351877484544
1267794235601928193
1280875675260538880
1275865893831094273
1273980538177667072
1270832636169158668
1270138484624207872
1271182323149660161
1273993996155727873
1267546491494838277
1280631115330486272
1280624477848682496
1280617535772282881
1280609708903194624
1280600485297340416
1280592755681644554
1280580715806183425
1280537731525992448
1278478572462759936
1278357706227748864
1277746239505924101
1276998815946543106
1276643971251519488
1276228743237906432
1276169102902640640
1276138154010054656
1275941079901224961
1275836090184843264
1275519070373322760
1275458677156306944
1273990477843517440
1273688638983942144
1273239095402209281
1272896474406322176
1270141184212639744
1269675526194704386
1269282941819109376
1268995743601344513
1268942242997317632
1268320309385539589
1268309258615107588
1280893179311591424
1279414746496843776
1278013551488237568
1276877993412120576
1273956216704770049
1271053581974634496
1270788890924912640
1270712493044666375
1270102754825027586
1268990237348413440
1268605140673708032
1268585827740921856
1267888915060592640
1271127636698415104
1280246082321203200
1277683822679777280
1276576626856259585
1276236625408856065
1274071827938189320
1274055280389689344
1274024142656827392
1274010016345919490
1273994414008999939
1273828088082644992
1273335919865671682
1268218558263078912
1267137564537831424
1287055011843903490
1281596579795828738
1281270641589661701
1281260238113591298
1280871826206470146
1274016594436542464
1271804558927368192
1271479877053624326
1270892705049194501
1270891017517105152
1270883936760205314
1270868349128450049
1270755101385166849
1270726570995445760
1270555816114950146
1270523947877126145
1270491226576490496
1270418971045572608
1270397715726426114
1269295740418957313
1268988766930296832
1268973818799890433
1268955244005818369
1268915516187586561
1268689473421926401
1268682340131385348
1268678712624582656
1268671790190075904
1268633908842807303
1268627077940609024
1268618560714096642
1268562701502091264
1268546904993955840
1268535510894600195
1268528085307142144
1268309136070017024
1268293844795342851
1268288374084960262
1268258990842052610
1268235622579408897
1268172140316102656
1268168868561850369
1267534453636837379
1267101266066407424
1273640657240948736
1267500880640835585
1274344614263169029
1274026450883014656
1268656446285242371
1278037603208626176
1272886409859301377
1273974563882352640
1281287367865884672
1274026442343489541
1268266196987719681
1273616459177111553
1276924484818214912
1271563770309926912
1270792597070438401
1269087117533159424
1269054779923234816
1286654873153540102
1283461398346043392
1277965117531942912
1277704648183500801
1277663130978603009
1277650541439565829
1276627974582931457
1276613708433809409
1276594831809183746
1267875242652958721
1270008298180349956
1280239448266100737
1278443263276593153
1277716915515949064
1277357695729893378
1270738977830637570
1268720742398603265
1268740282406834182
